{
 "cells": [
  {
   "cell_type": "markdown",
   "metadata": {},
   "source": [
    "# Transcript A from Lecture, February 14, 2023"
   ]
  },
  {
   "cell_type": "code",
   "execution_count": 1,
   "metadata": {},
   "outputs": [],
   "source": [
    "import sys\n",
    "\n",
    "########################################\n",
    "# Change the string in the line below! #\n",
    "########################################\n",
    "sys.path.append(\"/Users/gilbert/Documents/CS111-2023-winter/Python\") \n",
    "\n",
    "import os\n",
    "import time\n",
    "import math\n",
    "import numpy as np\n",
    "import numpy.linalg as npla\n",
    "import scipy\n",
    "from scipy import linalg as spla\n",
    "import scipy.sparse\n",
    "import scipy.sparse.linalg\n",
    "from scipy import integrate\n",
    "import networkx as nx\n",
    "import cs111\n",
    "\n",
    "##########################################################\n",
    "# If this import for matplotlib doesn't work, try saying #\n",
    "#   conda install -c conda-forge ipympl                  #\n",
    "# at a shell prompt on your computer                     #\n",
    "##########################################################\n",
    "import matplotlib\n",
    "%matplotlib ipympl\n",
    "\n",
    "import matplotlib.pyplot as plt\n",
    "from matplotlib import cm\n",
    "from mpl_toolkits.mplot3d import axes3d\n",
    "\n",
    "\n",
    "\n",
    "\n",
    "np.set_printoptions(precision = 4)"
   ]
  },
  {
   "cell_type": "markdown",
   "metadata": {},
   "source": [
    "# Vector dot products and perpendicular (orthogonal) vectors"
   ]
  },
  {
   "cell_type": "code",
   "execution_count": 2,
   "metadata": {},
   "outputs": [
    {
     "name": "stdout",
     "output_type": "stream",
     "text": [
      "x: [ 3  1  4 -3]\n",
      "y: [ 1  2 -1  1]\n"
     ]
    }
   ],
   "source": [
    "x = np.array([3, 1, 4, -3])\n",
    "y = np.array([1, 2, -1 , 1])\n",
    "\n",
    "print('x:', x)\n",
    "print('y:', y)"
   ]
  },
  {
   "cell_type": "code",
   "execution_count": 3,
   "metadata": {},
   "outputs": [
    {
     "data": {
      "text/plain": [
       "-2"
      ]
     },
     "execution_count": 3,
     "metadata": {},
     "output_type": "execute_result"
    }
   ],
   "source": [
    "np.dot(x,y)"
   ]
  },
  {
   "cell_type": "code",
   "execution_count": 4,
   "metadata": {},
   "outputs": [
    {
     "data": {
      "text/plain": [
       "-2"
      ]
     },
     "execution_count": 4,
     "metadata": {},
     "output_type": "execute_result"
    }
   ],
   "source": [
    "x.dot(y)"
   ]
  },
  {
   "cell_type": "code",
   "execution_count": 5,
   "metadata": {},
   "outputs": [
    {
     "data": {
      "text/plain": [
       "-2"
      ]
     },
     "execution_count": 5,
     "metadata": {},
     "output_type": "execute_result"
    }
   ],
   "source": [
    "x.T @ y"
   ]
  },
  {
   "cell_type": "code",
   "execution_count": 6,
   "metadata": {},
   "outputs": [
    {
     "data": {
      "text/plain": [
       "-2"
      ]
     },
     "execution_count": 6,
     "metadata": {},
     "output_type": "execute_result"
    }
   ],
   "source": [
    "x @ y"
   ]
  },
  {
   "cell_type": "code",
   "execution_count": 7,
   "metadata": {},
   "outputs": [
    {
     "data": {
      "text/plain": [
       "35"
      ]
     },
     "execution_count": 7,
     "metadata": {},
     "output_type": "execute_result"
    }
   ],
   "source": [
    "x.T @ x"
   ]
  },
  {
   "cell_type": "code",
   "execution_count": 8,
   "metadata": {},
   "outputs": [
    {
     "data": {
      "text/plain": [
       "5.916079783099616"
      ]
     },
     "execution_count": 8,
     "metadata": {},
     "output_type": "execute_result"
    }
   ],
   "source": [
    "npla.norm(x,2)"
   ]
  },
  {
   "cell_type": "code",
   "execution_count": 9,
   "metadata": {},
   "outputs": [
    {
     "data": {
      "text/plain": [
       "35.0"
      ]
     },
     "execution_count": 9,
     "metadata": {},
     "output_type": "execute_result"
    }
   ],
   "source": [
    "npla.norm(x,2) ** 2"
   ]
  },
  {
   "cell_type": "markdown",
   "metadata": {},
   "source": [
    "<b> Two vectors x and y are *orthogonal* (perpendicular) if x.T @ y = 0"
   ]
  },
  {
   "cell_type": "code",
   "execution_count": 10,
   "metadata": {},
   "outputs": [
    {
     "data": {
      "text/plain": [
       "array([ 3,  1,  4, -3])"
      ]
     },
     "execution_count": 10,
     "metadata": {},
     "output_type": "execute_result"
    }
   ],
   "source": [
    "x"
   ]
  },
  {
   "cell_type": "code",
   "execution_count": 11,
   "metadata": {},
   "outputs": [
    {
     "data": {
      "text/plain": [
       "array([ 1,  4, -1,  1])"
      ]
     },
     "execution_count": 11,
     "metadata": {},
     "output_type": "execute_result"
    }
   ],
   "source": [
    "y = np.array([1, 4, -1 ,1])\n",
    "y"
   ]
  },
  {
   "cell_type": "code",
   "execution_count": 12,
   "metadata": {},
   "outputs": [
    {
     "data": {
      "text/plain": [
       "0"
      ]
     },
     "execution_count": 12,
     "metadata": {},
     "output_type": "execute_result"
    }
   ],
   "source": [
    "x.T @ y"
   ]
  },
  {
   "cell_type": "code",
   "execution_count": 13,
   "metadata": {},
   "outputs": [
    {
     "data": {
      "text/plain": [
       "0"
      ]
     },
     "execution_count": 13,
     "metadata": {},
     "output_type": "execute_result"
    }
   ],
   "source": [
    "x.dot(y)"
   ]
  },
  {
   "cell_type": "markdown",
   "metadata": {},
   "source": [
    "# Orthogonal matrices"
   ]
  },
  {
   "cell_type": "markdown",
   "metadata": {},
   "source": [
    "<b> The square matrix A is *orthogonal* if A.T @ A = I, the identity matrix.\n",
    "\n",
    "The inverse of an orthogonal matrix is its transpose.\n",
    "\n",
    "Therefore, the transpose of an orthogonal matrix is also orthogonal."
   ]
  },
  {
   "cell_type": "code",
   "execution_count": 14,
   "metadata": {},
   "outputs": [
    {
     "data": {
      "text/plain": [
       "array([[-0.4873,  0.1355, -0.4672,  0.4411, -0.5756],\n",
       "       [-0.6946, -0.2537, -0.2082, -0.0814,  0.635 ],\n",
       "       [ 0.432 ,  0.3494, -0.5807,  0.3665,  0.4688],\n",
       "       [ 0.1518, -0.2027, -0.6254, -0.7073, -0.2107],\n",
       "       [-0.2653,  0.8684,  0.0997, -0.4051,  0.0376]])"
      ]
     },
     "execution_count": 14,
     "metadata": {},
     "output_type": "execute_result"
    }
   ],
   "source": [
    "Q = cs111.random_orthog(5)\n",
    "Q"
   ]
  },
  {
   "cell_type": "code",
   "execution_count": 15,
   "metadata": {},
   "outputs": [
    {
     "data": {
      "text/plain": [
       "array([[ 1.0000e+00, -2.7756e-17,  1.6306e-16, -8.3267e-17,  1.2143e-17],\n",
       "       [-2.7756e-17,  1.0000e+00,  2.7756e-17,  5.5511e-17,  2.7756e-17],\n",
       "       [ 1.6306e-16,  2.7756e-17,  1.0000e+00, -1.1102e-16,  4.9873e-17],\n",
       "       [-8.3267e-17,  5.5511e-17, -1.1102e-16,  1.0000e+00, -1.2317e-16],\n",
       "       [ 1.2143e-17,  2.7756e-17,  4.9873e-17, -1.2317e-16,  1.0000e+00]])"
      ]
     },
     "execution_count": 15,
     "metadata": {},
     "output_type": "execute_result"
    }
   ],
   "source": [
    "Q.T @ Q"
   ]
  },
  {
   "cell_type": "code",
   "execution_count": 16,
   "metadata": {},
   "outputs": [
    {
     "data": {
      "text/plain": [
       "5.945945288079267e-16"
      ]
     },
     "execution_count": 16,
     "metadata": {},
     "output_type": "execute_result"
    }
   ],
   "source": [
    "I = np.eye(5)\n",
    "npla.norm(Q.T @ Q - I, 2)"
   ]
  },
  {
   "cell_type": "markdown",
   "metadata": {},
   "source": [
    "<b>Every column of an orthogonal matrix is a unit vector (a vector of length one)"
   ]
  },
  {
   "cell_type": "code",
   "execution_count": 17,
   "metadata": {},
   "outputs": [
    {
     "data": {
      "text/plain": [
       "1.0000000000000002"
      ]
     },
     "execution_count": 17,
     "metadata": {},
     "output_type": "execute_result"
    }
   ],
   "source": [
    "v = Q[:, 2]\n",
    "npla.norm(v, 2)"
   ]
  },
  {
   "cell_type": "markdown",
   "metadata": {},
   "source": [
    "<b> Any two different columns of an orthogonal matrix are perpendicular"
   ]
  },
  {
   "cell_type": "code",
   "execution_count": 18,
   "metadata": {},
   "outputs": [
    {
     "data": {
      "text/plain": [
       "2.7755575615628914e-17"
      ]
     },
     "execution_count": 18,
     "metadata": {},
     "output_type": "execute_result"
    }
   ],
   "source": [
    "w = Q[:,1]\n",
    "v.T @ w"
   ]
  },
  {
   "cell_type": "markdown",
   "metadata": {},
   "source": [
    "<b>The identity matrix is orthogonal"
   ]
  },
  {
   "cell_type": "code",
   "execution_count": 19,
   "metadata": {},
   "outputs": [
    {
     "data": {
      "text/plain": [
       "array([[1., 0., 0., 0., 0.],\n",
       "       [0., 1., 0., 0., 0.],\n",
       "       [0., 0., 1., 0., 0.],\n",
       "       [0., 0., 0., 1., 0.],\n",
       "       [0., 0., 0., 0., 1.]])"
      ]
     },
     "execution_count": 19,
     "metadata": {},
     "output_type": "execute_result"
    }
   ],
   "source": [
    "I = np.eye(5)\n",
    "I"
   ]
  },
  {
   "cell_type": "code",
   "execution_count": 20,
   "metadata": {},
   "outputs": [
    {
     "data": {
      "text/plain": [
       "array([[1., 0., 0., 0., 0.],\n",
       "       [0., 1., 0., 0., 0.],\n",
       "       [0., 0., 1., 0., 0.],\n",
       "       [0., 0., 0., 1., 0.],\n",
       "       [0., 0., 0., 0., 1.]])"
      ]
     },
     "execution_count": 20,
     "metadata": {},
     "output_type": "execute_result"
    }
   ],
   "source": [
    "I.T @ I"
   ]
  },
  {
   "cell_type": "markdown",
   "metadata": {},
   "source": [
    "<b>Permutation matrices are orthogonal"
   ]
  },
  {
   "cell_type": "code",
   "execution_count": 21,
   "metadata": {},
   "outputs": [
    {
     "data": {
      "text/plain": [
       "array([[0, 0, 1, 0, 0],\n",
       "       [1, 0, 0, 0, 0],\n",
       "       [0, 1, 0, 0, 0],\n",
       "       [0, 0, 0, 0, 1],\n",
       "       [0, 0, 0, 1, 0]])"
      ]
     },
     "execution_count": 21,
     "metadata": {},
     "output_type": "execute_result"
    }
   ],
   "source": [
    "P = np.array([[0,0,1,0,0], [1,0,0,0,0], [0,1,0,0,0], [0,0,0,0,1], [0,0,0,1,0]])\n",
    "P"
   ]
  },
  {
   "cell_type": "code",
   "execution_count": 22,
   "metadata": {},
   "outputs": [
    {
     "data": {
      "text/plain": [
       "array([[0, 1, 0, 0, 0],\n",
       "       [0, 0, 1, 0, 0],\n",
       "       [1, 0, 0, 0, 0],\n",
       "       [0, 0, 0, 0, 1],\n",
       "       [0, 0, 0, 1, 0]])"
      ]
     },
     "execution_count": 22,
     "metadata": {},
     "output_type": "execute_result"
    }
   ],
   "source": [
    "P.T"
   ]
  },
  {
   "cell_type": "code",
   "execution_count": 23,
   "metadata": {},
   "outputs": [
    {
     "data": {
      "text/plain": [
       "array([[1, 0, 0, 0, 0],\n",
       "       [0, 1, 0, 0, 0],\n",
       "       [0, 0, 1, 0, 0],\n",
       "       [0, 0, 0, 1, 0],\n",
       "       [0, 0, 0, 0, 1]])"
      ]
     },
     "execution_count": 23,
     "metadata": {},
     "output_type": "execute_result"
    }
   ],
   "source": [
    "P @ P.T"
   ]
  },
  {
   "cell_type": "markdown",
   "metadata": {},
   "source": [
    "# An orthogonal matrix doesn't change the length of a vector"
   ]
  },
  {
   "cell_type": "code",
   "execution_count": 24,
   "metadata": {},
   "outputs": [
    {
     "data": {
      "text/plain": [
       "array([[-0.0321, -0.049 , -0.534 ,  0.1817,  0.8237],\n",
       "       [ 0.3645, -0.2107, -0.1688,  0.8415, -0.2935],\n",
       "       [ 0.0451,  0.385 , -0.7815, -0.2303, -0.4312],\n",
       "       [ 0.6528, -0.5936, -0.1258, -0.4535,  0.0086],\n",
       "       [ 0.6618,  0.6728,  0.2445,  0.0084,  0.2224]])"
      ]
     },
     "execution_count": 24,
     "metadata": {},
     "output_type": "execute_result"
    }
   ],
   "source": [
    "Q = cs111.random_orthog(5)\n",
    "Q"
   ]
  },
  {
   "cell_type": "code",
   "execution_count": 25,
   "metadata": {},
   "outputs": [
    {
     "name": "stdout",
     "output_type": "stream",
     "text": [
      "v: [0.1093 0.9999 0.0604 0.5527 0.4176] norm(v): 1.222802727689156\n"
     ]
    }
   ],
   "source": [
    "v = np.random.random(5)\n",
    "print('v:', v, 'norm(v):', npla.norm(v,2))"
   ]
  },
  {
   "cell_type": "code",
   "execution_count": 26,
   "metadata": {},
   "outputs": [
    {
     "name": "stdout",
     "output_type": "stream",
     "text": [
      "w: [ 0.3597  0.1615  0.0353 -0.7768  0.8574] norm(w): 1.222802727689156\n"
     ]
    }
   ],
   "source": [
    "w = Q @ v\n",
    "print('w:', w, 'norm(w):', npla.norm(w,2))"
   ]
  },
  {
   "cell_type": "markdown",
   "metadata": {},
   "source": [
    "<b> Therefore, the 2-norm and 2-condition number of an orthogonal matrix are both 1"
   ]
  },
  {
   "cell_type": "code",
   "execution_count": 27,
   "metadata": {},
   "outputs": [
    {
     "data": {
      "text/plain": [
       "array([[-0.7336, -0.4843, -0.2479,  0.1537, -0.377 ],\n",
       "       [ 0.0987, -0.1848, -0.8151, -0.244 ,  0.4819],\n",
       "       [-0.2295,  0.7329, -0.3722,  0.5198, -0.0383],\n",
       "       [ 0.4497,  0.0559, -0.3647, -0.1996, -0.7885],\n",
       "       [-0.444 ,  0.4371,  0.0515, -0.779 , -0.0489]])"
      ]
     },
     "execution_count": 27,
     "metadata": {},
     "output_type": "execute_result"
    }
   ],
   "source": [
    "Q = cs111.random_orthog(5)\n",
    "Q"
   ]
  },
  {
   "cell_type": "code",
   "execution_count": 28,
   "metadata": {},
   "outputs": [
    {
     "data": {
      "text/plain": [
       "array([[ 1.0000e+00, -5.5511e-17,  5.5511e-17,  5.5511e-17, -6.2450e-17],\n",
       "       [-5.5511e-17,  1.0000e+00,  1.1796e-16,  5.5511e-17, -9.7145e-17],\n",
       "       [ 5.5511e-17,  1.1796e-16,  1.0000e+00, -9.0206e-17, -1.0495e-16],\n",
       "       [ 5.5511e-17,  5.5511e-17, -9.0206e-17,  1.0000e+00, -1.9429e-16],\n",
       "       [-6.2450e-17, -9.7145e-17, -1.0495e-16, -1.9429e-16,  1.0000e+00]])"
      ]
     },
     "execution_count": 28,
     "metadata": {},
     "output_type": "execute_result"
    }
   ],
   "source": [
    "Q.T @ Q"
   ]
  },
  {
   "cell_type": "code",
   "execution_count": 29,
   "metadata": {},
   "outputs": [
    {
     "data": {
      "text/plain": [
       "1.0000000000000004"
      ]
     },
     "execution_count": 29,
     "metadata": {},
     "output_type": "execute_result"
    }
   ],
   "source": [
    "npla.norm(Q, 2)"
   ]
  },
  {
   "cell_type": "code",
   "execution_count": 30,
   "metadata": {},
   "outputs": [
    {
     "data": {
      "text/plain": [
       "1.0000000000000009"
      ]
     },
     "execution_count": 30,
     "metadata": {},
     "output_type": "execute_result"
    }
   ],
   "source": [
    "npla.cond(Q, 2)"
   ]
  },
  {
   "cell_type": "code",
   "execution_count": 31,
   "metadata": {},
   "outputs": [
    {
     "data": {
      "text/plain": [
       "1.955510375374685"
      ]
     },
     "execution_count": 31,
     "metadata": {},
     "output_type": "execute_result"
    }
   ],
   "source": [
    "# Only the 2-norm, not the others!\n",
    "npla.norm(Q, 1)"
   ]
  },
  {
   "cell_type": "markdown",
   "metadata": {},
   "source": [
    "# Solving a linear system with an orthogonal matrix"
   ]
  },
  {
   "cell_type": "code",
   "execution_count": 32,
   "metadata": {},
   "outputs": [
    {
     "data": {
      "text/plain": [
       "array([[-0.2685, -0.2662, -0.8786,  0.1659,  0.24  ],\n",
       "       [-0.034 , -0.6728, -0.0125, -0.1557, -0.7224],\n",
       "       [-0.3132,  0.6677, -0.2617,  0.0729, -0.6183],\n",
       "       [ 0.3926,  0.1642, -0.3247, -0.8445,  0.0163],\n",
       "       [ 0.8213,  0.0613, -0.2323,  0.4793, -0.195 ]])"
      ]
     },
     "execution_count": 32,
     "metadata": {},
     "output_type": "execute_result"
    }
   ],
   "source": [
    "Q = cs111.random_orthog(5)\n",
    "Q"
   ]
  },
  {
   "cell_type": "code",
   "execution_count": 33,
   "metadata": {},
   "outputs": [
    {
     "name": "stdout",
     "output_type": "stream",
     "text": [
      "x_exact: [1. 1. 1. 1. 1.]\n",
      "b:       [-1.0073 -1.5974 -0.4526 -0.5962  0.9346]\n"
     ]
    }
   ],
   "source": [
    "x_exact = np.ones(5)\n",
    "b = Q @ x_exact\n",
    "print('x_exact:', x_exact)\n",
    "print('b:      ', b)"
   ]
  },
  {
   "cell_type": "code",
   "execution_count": 34,
   "metadata": {},
   "outputs": [
    {
     "data": {
      "text/plain": [
       "-4.440892098500626e-16"
      ]
     },
     "execution_count": 34,
     "metadata": {},
     "output_type": "execute_result"
    }
   ],
   "source": [
    "npla.norm(x_exact) - npla.norm(b)"
   ]
  },
  {
   "cell_type": "code",
   "execution_count": 35,
   "metadata": {},
   "outputs": [
    {
     "data": {
      "text/plain": [
       "array([1., 1., 1., 1., 1.])"
      ]
     },
     "execution_count": 35,
     "metadata": {},
     "output_type": "execute_result"
    }
   ],
   "source": [
    "x = Q.T @ b\n",
    "x"
   ]
  },
  {
   "cell_type": "code",
   "execution_count": 36,
   "metadata": {},
   "outputs": [
    {
     "data": {
      "text/plain": [
       "-8.881784197001252e-16"
      ]
     },
     "execution_count": 36,
     "metadata": {},
     "output_type": "execute_result"
    }
   ],
   "source": [
    "npla.norm(x_exact) - npla.norm(x)"
   ]
  },
  {
   "cell_type": "code",
   "execution_count": 37,
   "metadata": {},
   "outputs": [
    {
     "name": "stdout",
     "output_type": "stream",
     "text": [
      "relative residual norm: 4.871083751574256e-16\n",
      "relative error norm:    5.347542221830667e-16\n"
     ]
    }
   ],
   "source": [
    "error = x_exact - x\n",
    "residual = b - Q @ x\n",
    "\n",
    "print(\"relative residual norm:\", npla.norm(residual,2)/npla.norm(b,2))\n",
    "print(\"relative error norm:   \", npla.norm(error,2)/npla.norm(x_exact,2))\n"
   ]
  },
  {
   "cell_type": "markdown",
   "metadata": {},
   "source": [
    "<b> Why not exactly equal? Wait for floating-point arithmetic lecture!\n"
   ]
  }
 ],
 "metadata": {
  "kernelspec": {
   "display_name": "Python 3 (ipykernel)",
   "language": "python",
   "name": "python3"
  },
  "language_info": {
   "codemirror_mode": {
    "name": "ipython",
    "version": 3
   },
   "file_extension": ".py",
   "mimetype": "text/x-python",
   "name": "python",
   "nbconvert_exporter": "python",
   "pygments_lexer": "ipython3",
   "version": "3.9.15"
  }
 },
 "nbformat": 4,
 "nbformat_minor": 2
}
