{
 "cells": [
  {
   "cell_type": "markdown",
   "metadata": {},
   "source": [
    "# Transcript from Lecture, February 9, 2023"
   ]
  },
  {
   "cell_type": "code",
   "execution_count": 1,
   "metadata": {},
   "outputs": [],
   "source": [
    "import sys\n",
    "\n",
    "########################################\n",
    "# Change the string in the line below! #\n",
    "########################################\n",
    "sys.path.append(\"/Users/gilbert/Documents/CS111-2023-winter/Python\") \n",
    "\n",
    "import os\n",
    "import time\n",
    "import math\n",
    "import numpy as np\n",
    "import numpy.linalg as npla\n",
    "import scipy\n",
    "from scipy import linalg as spla\n",
    "import scipy.sparse\n",
    "import scipy.sparse.linalg\n",
    "from scipy import integrate\n",
    "import networkx as nx\n",
    "import cs111\n",
    "\n",
    "##########################################################\n",
    "# If this import for matplotlib doesn't work, try saying #\n",
    "#   conda install -c conda-forge ipympl                  #\n",
    "# at a shell prompt on your computer                     #\n",
    "##########################################################\n",
    "import matplotlib\n",
    "%matplotlib ipympl\n",
    "\n",
    "import matplotlib.pyplot as plt\n",
    "from matplotlib import cm\n",
    "from mpl_toolkits.mplot3d import axes3d\n",
    "\n",
    "\n",
    "\n",
    "\n",
    "np.set_printoptions(precision = 4)"
   ]
  },
  {
   "cell_type": "markdown",
   "metadata": {},
   "source": [
    "# Vector dot products and perpendicular (orthogonal) vectors"
   ]
  },
  {
   "cell_type": "code",
   "execution_count": 2,
   "metadata": {},
   "outputs": [
    {
     "name": "stdout",
     "output_type": "stream",
     "text": [
      "x: [ 3  1  4 -3]\n",
      "y: [ 1  2 -1  1]\n"
     ]
    }
   ],
   "source": [
    "x = np.array([3, 1, 4, -3])\n",
    "y = np.array([1, 2, -1 , 1])\n",
    "\n",
    "print('x:', x)\n",
    "print('y:', y)"
   ]
  },
  {
   "cell_type": "code",
   "execution_count": 3,
   "metadata": {},
   "outputs": [
    {
     "data": {
      "text/plain": [
       "-2"
      ]
     },
     "execution_count": 3,
     "metadata": {},
     "output_type": "execute_result"
    }
   ],
   "source": [
    "np.dot(x,y)"
   ]
  },
  {
   "cell_type": "code",
   "execution_count": 4,
   "metadata": {},
   "outputs": [
    {
     "data": {
      "text/plain": [
       "-2"
      ]
     },
     "execution_count": 4,
     "metadata": {},
     "output_type": "execute_result"
    }
   ],
   "source": [
    "x.dot(y)"
   ]
  },
  {
   "cell_type": "code",
   "execution_count": 5,
   "metadata": {},
   "outputs": [
    {
     "data": {
      "text/plain": [
       "-2"
      ]
     },
     "execution_count": 5,
     "metadata": {},
     "output_type": "execute_result"
    }
   ],
   "source": [
    "x.T @ y"
   ]
  },
  {
   "cell_type": "code",
   "execution_count": 6,
   "metadata": {},
   "outputs": [
    {
     "data": {
      "text/plain": [
       "-2"
      ]
     },
     "execution_count": 6,
     "metadata": {},
     "output_type": "execute_result"
    }
   ],
   "source": [
    "x @ y"
   ]
  },
  {
   "cell_type": "code",
   "execution_count": 7,
   "metadata": {},
   "outputs": [
    {
     "data": {
      "text/plain": [
       "35"
      ]
     },
     "execution_count": 7,
     "metadata": {},
     "output_type": "execute_result"
    }
   ],
   "source": [
    "x.T @ x"
   ]
  },
  {
   "cell_type": "code",
   "execution_count": 8,
   "metadata": {},
   "outputs": [
    {
     "data": {
      "text/plain": [
       "5.916079783099616"
      ]
     },
     "execution_count": 8,
     "metadata": {},
     "output_type": "execute_result"
    }
   ],
   "source": [
    "npla.norm(x,2)"
   ]
  },
  {
   "cell_type": "code",
   "execution_count": 9,
   "metadata": {},
   "outputs": [
    {
     "data": {
      "text/plain": [
       "35.0"
      ]
     },
     "execution_count": 9,
     "metadata": {},
     "output_type": "execute_result"
    }
   ],
   "source": [
    "npla.norm(x,2) ** 2"
   ]
  },
  {
   "cell_type": "markdown",
   "metadata": {},
   "source": [
    "<b> Two vectors x and y are *orthogonal* (perpendicular) if x.T @ y = 0"
   ]
  },
  {
   "cell_type": "code",
   "execution_count": 10,
   "metadata": {},
   "outputs": [
    {
     "data": {
      "text/plain": [
       "array([ 3,  1,  4, -3])"
      ]
     },
     "execution_count": 10,
     "metadata": {},
     "output_type": "execute_result"
    }
   ],
   "source": [
    "x"
   ]
  },
  {
   "cell_type": "code",
   "execution_count": 11,
   "metadata": {},
   "outputs": [
    {
     "data": {
      "text/plain": [
       "array([ 1,  4, -1,  1])"
      ]
     },
     "execution_count": 11,
     "metadata": {},
     "output_type": "execute_result"
    }
   ],
   "source": [
    "y = np.array([1, 4, -1 ,1])\n",
    "y"
   ]
  },
  {
   "cell_type": "code",
   "execution_count": 12,
   "metadata": {},
   "outputs": [
    {
     "data": {
      "text/plain": [
       "0"
      ]
     },
     "execution_count": 12,
     "metadata": {},
     "output_type": "execute_result"
    }
   ],
   "source": [
    "x.T @ y"
   ]
  },
  {
   "cell_type": "code",
   "execution_count": 13,
   "metadata": {},
   "outputs": [
    {
     "data": {
      "text/plain": [
       "0"
      ]
     },
     "execution_count": 13,
     "metadata": {},
     "output_type": "execute_result"
    }
   ],
   "source": [
    "x.dot(y)"
   ]
  },
  {
   "cell_type": "markdown",
   "metadata": {},
   "source": [
    "# Orthogonal matrices"
   ]
  },
  {
   "cell_type": "markdown",
   "metadata": {},
   "source": [
    "<b> The square matrix A is *orthogonal* if A.T @ A = I, the identity matrix.\n",
    "\n",
    "The inverse of an orthogonal matrix is its transpose.\n",
    "\n",
    "Therefore, the transpose of an orthogonal matrix is also orthogonal."
   ]
  },
  {
   "cell_type": "code",
   "execution_count": 14,
   "metadata": {},
   "outputs": [
    {
     "data": {
      "text/plain": [
       "array([[-0.2502,  0.1429,  0.2649, -0.5425, -0.7433],\n",
       "       [ 0.4099, -0.2644,  0.7943,  0.3309, -0.1472],\n",
       "       [-0.7294, -0.6455,  0.07  ,  0.2149, -0.0105],\n",
       "       [ 0.4568, -0.7011, -0.2847, -0.4651, -0.0506],\n",
       "       [-0.1694,  0.0385,  0.4614, -0.5777,  0.6505]])"
      ]
     },
     "execution_count": 14,
     "metadata": {},
     "output_type": "execute_result"
    }
   ],
   "source": [
    "Q = cs111.random_orthog(5)\n",
    "Q"
   ]
  },
  {
   "cell_type": "code",
   "execution_count": 15,
   "metadata": {},
   "outputs": [
    {
     "data": {
      "text/plain": [
       "array([[ 1.0000e+00, -6.0715e-18,  6.9389e-17, -5.5511e-17, -2.7756e-17],\n",
       "       [-6.0715e-18,  1.0000e+00,  1.2837e-16,  7.2858e-17,  5.5511e-17],\n",
       "       [ 6.9389e-17,  1.2837e-16,  1.0000e+00, -1.1102e-16, -5.5511e-17],\n",
       "       [-5.5511e-17,  7.2858e-17, -1.1102e-16,  1.0000e+00, -5.5511e-17],\n",
       "       [-2.7756e-17,  5.5511e-17, -5.5511e-17, -5.5511e-17,  1.0000e+00]])"
      ]
     },
     "execution_count": 15,
     "metadata": {},
     "output_type": "execute_result"
    }
   ],
   "source": [
    "Q.T @ Q"
   ]
  },
  {
   "cell_type": "code",
   "execution_count": 16,
   "metadata": {},
   "outputs": [
    {
     "data": {
      "text/plain": [
       "4.444916836573678e-16"
      ]
     },
     "execution_count": 16,
     "metadata": {},
     "output_type": "execute_result"
    }
   ],
   "source": [
    "I = np.eye(5)\n",
    "npla.norm(Q.T @ Q - I, 2)"
   ]
  },
  {
   "cell_type": "markdown",
   "metadata": {},
   "source": [
    "<b>Every column of an orthogonal matrix is a unit vector (a vector of length one)"
   ]
  },
  {
   "cell_type": "code",
   "execution_count": 17,
   "metadata": {},
   "outputs": [
    {
     "data": {
      "text/plain": [
       "0.9999999999999999"
      ]
     },
     "execution_count": 17,
     "metadata": {},
     "output_type": "execute_result"
    }
   ],
   "source": [
    "v = Q[:, 2]\n",
    "npla.norm(v, 2)"
   ]
  },
  {
   "cell_type": "markdown",
   "metadata": {},
   "source": [
    "<b> Any two different columns of an orthogonal matrix are perpendicular"
   ]
  },
  {
   "cell_type": "code",
   "execution_count": 18,
   "metadata": {},
   "outputs": [
    {
     "data": {
      "text/plain": [
       "1.2836953722228372e-16"
      ]
     },
     "execution_count": 18,
     "metadata": {},
     "output_type": "execute_result"
    }
   ],
   "source": [
    "w = Q[:,1]\n",
    "v.T @ w"
   ]
  },
  {
   "cell_type": "markdown",
   "metadata": {},
   "source": [
    "<b>The identity matrix is orthogonal"
   ]
  },
  {
   "cell_type": "code",
   "execution_count": 19,
   "metadata": {},
   "outputs": [
    {
     "data": {
      "text/plain": [
       "array([[1., 0., 0., 0., 0.],\n",
       "       [0., 1., 0., 0., 0.],\n",
       "       [0., 0., 1., 0., 0.],\n",
       "       [0., 0., 0., 1., 0.],\n",
       "       [0., 0., 0., 0., 1.]])"
      ]
     },
     "execution_count": 19,
     "metadata": {},
     "output_type": "execute_result"
    }
   ],
   "source": [
    "I = np.eye(5)\n",
    "I"
   ]
  },
  {
   "cell_type": "code",
   "execution_count": 20,
   "metadata": {},
   "outputs": [
    {
     "data": {
      "text/plain": [
       "array([[1., 0., 0., 0., 0.],\n",
       "       [0., 1., 0., 0., 0.],\n",
       "       [0., 0., 1., 0., 0.],\n",
       "       [0., 0., 0., 1., 0.],\n",
       "       [0., 0., 0., 0., 1.]])"
      ]
     },
     "execution_count": 20,
     "metadata": {},
     "output_type": "execute_result"
    }
   ],
   "source": [
    "I.T @ I"
   ]
  },
  {
   "cell_type": "markdown",
   "metadata": {},
   "source": [
    "<b>Permutation matrices are orthogonal"
   ]
  },
  {
   "cell_type": "code",
   "execution_count": 21,
   "metadata": {},
   "outputs": [
    {
     "data": {
      "text/plain": [
       "array([[0, 0, 1, 0, 0],\n",
       "       [1, 0, 0, 0, 0],\n",
       "       [0, 1, 0, 0, 0],\n",
       "       [0, 0, 0, 0, 1],\n",
       "       [0, 0, 0, 1, 0]])"
      ]
     },
     "execution_count": 21,
     "metadata": {},
     "output_type": "execute_result"
    }
   ],
   "source": [
    "P = np.array([[0,0,1,0,0], [1,0,0,0,0], [0,1,0,0,0], [0,0,0,0,1], [0,0,0,1,0]])\n",
    "P"
   ]
  },
  {
   "cell_type": "code",
   "execution_count": 22,
   "metadata": {},
   "outputs": [
    {
     "data": {
      "text/plain": [
       "array([[0, 1, 0, 0, 0],\n",
       "       [0, 0, 1, 0, 0],\n",
       "       [1, 0, 0, 0, 0],\n",
       "       [0, 0, 0, 0, 1],\n",
       "       [0, 0, 0, 1, 0]])"
      ]
     },
     "execution_count": 22,
     "metadata": {},
     "output_type": "execute_result"
    }
   ],
   "source": [
    "P.T"
   ]
  },
  {
   "cell_type": "code",
   "execution_count": 23,
   "metadata": {},
   "outputs": [
    {
     "data": {
      "text/plain": [
       "array([[1, 0, 0, 0, 0],\n",
       "       [0, 1, 0, 0, 0],\n",
       "       [0, 0, 1, 0, 0],\n",
       "       [0, 0, 0, 1, 0],\n",
       "       [0, 0, 0, 0, 1]])"
      ]
     },
     "execution_count": 23,
     "metadata": {},
     "output_type": "execute_result"
    }
   ],
   "source": [
    "P @ P.T"
   ]
  },
  {
   "cell_type": "markdown",
   "metadata": {},
   "source": [
    "# An orthogonal matrix doesn't change the length of a vector"
   ]
  },
  {
   "cell_type": "code",
   "execution_count": 24,
   "metadata": {},
   "outputs": [
    {
     "data": {
      "text/plain": [
       "array([[-0.1472, -0.8656, -0.0634,  0.4735, -0.0298],\n",
       "       [ 0.3667, -0.0174,  0.4862,  0.1956,  0.7685],\n",
       "       [-0.2522, -0.248 , -0.4885, -0.5614,  0.5666],\n",
       "       [-0.5816, -0.1506,  0.706 , -0.3665, -0.0793],\n",
       "       [-0.6648,  0.4079, -0.1501,  0.5366,  0.2849]])"
      ]
     },
     "execution_count": 24,
     "metadata": {},
     "output_type": "execute_result"
    }
   ],
   "source": [
    "Q = cs111.random_orthog(5)\n",
    "Q"
   ]
  },
  {
   "cell_type": "code",
   "execution_count": 25,
   "metadata": {},
   "outputs": [
    {
     "name": "stdout",
     "output_type": "stream",
     "text": [
      "v: [0.1948 0.2374 0.415  0.143  0.7135] norm(v): 0.8922732092203605\n"
     ]
    }
   ],
   "source": [
    "v = np.random.random(5)\n",
    "print('v:', v, 'norm(v):', npla.norm(v,2))"
   ]
  },
  {
   "cell_type": "code",
   "execution_count": 26,
   "metadata": {},
   "outputs": [
    {
     "name": "stdout",
     "output_type": "stream",
     "text": [
      "w: [-0.214   0.8454  0.0133  0.0349  0.185 ] norm(w): 0.8922732092203605\n"
     ]
    }
   ],
   "source": [
    "w = Q @ v\n",
    "print('w:', w, 'norm(w):', npla.norm(w,2))"
   ]
  },
  {
   "cell_type": "markdown",
   "metadata": {},
   "source": [
    "<b> Therefore, the 2-norm and 2-condition number of an orthogonal matrix are both 1"
   ]
  },
  {
   "cell_type": "code",
   "execution_count": 27,
   "metadata": {},
   "outputs": [
    {
     "data": {
      "text/plain": [
       "array([[-0.3263, -0.2938,  0.0307,  0.8837, -0.1592],\n",
       "       [-0.4193, -0.3592, -0.0547, -0.4035, -0.7276],\n",
       "       [ 0.7258, -0.0633, -0.4814,  0.1823, -0.4519],\n",
       "       [-0.3664,  0.7962, -0.4204,  0.1063, -0.2093],\n",
       "       [-0.2381, -0.383 , -0.7665, -0.1086,  0.4441]])"
      ]
     },
     "execution_count": 27,
     "metadata": {},
     "output_type": "execute_result"
    }
   ],
   "source": [
    "Q = cs111.random_orthog(5)\n",
    "Q"
   ]
  },
  {
   "cell_type": "code",
   "execution_count": 28,
   "metadata": {},
   "outputs": [
    {
     "data": {
      "text/plain": [
       "array([[1.0000e+00, 5.5511e-17, 0.0000e+00, 6.9389e-18, 1.3878e-17],\n",
       "       [5.5511e-17, 1.0000e+00, 1.1102e-16, 1.5959e-16, 1.9429e-16],\n",
       "       [0.0000e+00, 1.1102e-16, 1.0000e+00, 2.7756e-17, 1.1102e-16],\n",
       "       [6.9389e-18, 1.5959e-16, 2.7756e-17, 1.0000e+00, 4.1633e-17],\n",
       "       [1.3878e-17, 1.9429e-16, 1.1102e-16, 4.1633e-17, 1.0000e+00]])"
      ]
     },
     "execution_count": 28,
     "metadata": {},
     "output_type": "execute_result"
    }
   ],
   "source": [
    "Q.T @ Q"
   ]
  },
  {
   "cell_type": "code",
   "execution_count": 29,
   "metadata": {},
   "outputs": [
    {
     "data": {
      "text/plain": [
       "1.0000000000000004"
      ]
     },
     "execution_count": 29,
     "metadata": {},
     "output_type": "execute_result"
    }
   ],
   "source": [
    "npla.norm(Q, 2)"
   ]
  },
  {
   "cell_type": "code",
   "execution_count": 30,
   "metadata": {},
   "outputs": [
    {
     "data": {
      "text/plain": [
       "1.0000000000000007"
      ]
     },
     "execution_count": 30,
     "metadata": {},
     "output_type": "execute_result"
    }
   ],
   "source": [
    "npla.cond(Q, 2)"
   ]
  },
  {
   "cell_type": "code",
   "execution_count": 31,
   "metadata": {},
   "outputs": [
    {
     "data": {
      "text/plain": [
       "2.0758901012397124"
      ]
     },
     "execution_count": 31,
     "metadata": {},
     "output_type": "execute_result"
    }
   ],
   "source": [
    "# Only the 2-norm, not the others!\n",
    "npla.norm(Q, 1)"
   ]
  },
  {
   "cell_type": "markdown",
   "metadata": {},
   "source": [
    "# Solving a linear system with an orthogonal matrix"
   ]
  },
  {
   "cell_type": "code",
   "execution_count": 32,
   "metadata": {},
   "outputs": [
    {
     "data": {
      "text/plain": [
       "array([[-0.2333,  0.0377, -0.0653,  0.8783, -0.4105],\n",
       "       [-0.1511, -0.242 ,  0.4886, -0.3437, -0.7495],\n",
       "       [ 0.1681, -0.9563, -0.047 ,  0.1618,  0.1701],\n",
       "       [-0.0746, -0.087 , -0.8688, -0.2678, -0.4004],\n",
       "       [-0.9428, -0.1341, -0.0018, -0.1122,  0.2837]])"
      ]
     },
     "execution_count": 32,
     "metadata": {},
     "output_type": "execute_result"
    }
   ],
   "source": [
    "Q = cs111.random_orthog(5)\n",
    "Q"
   ]
  },
  {
   "cell_type": "code",
   "execution_count": 33,
   "metadata": {},
   "outputs": [
    {
     "name": "stdout",
     "output_type": "stream",
     "text": [
      "x_exact: [1. 1. 1. 1. 1.]\n",
      "b:       [ 0.2069 -0.9978 -0.5033 -1.6985 -0.9073]\n"
     ]
    }
   ],
   "source": [
    "x_exact = np.ones(5)\n",
    "b = Q @ x_exact\n",
    "print('x_exact:', x_exact)\n",
    "print('b:      ', b)"
   ]
  },
  {
   "cell_type": "code",
   "execution_count": 34,
   "metadata": {},
   "outputs": [
    {
     "data": {
      "text/plain": [
       "0.0"
      ]
     },
     "execution_count": 34,
     "metadata": {},
     "output_type": "execute_result"
    }
   ],
   "source": [
    "npla.norm(x_exact) - npla.norm(b)"
   ]
  },
  {
   "cell_type": "code",
   "execution_count": 35,
   "metadata": {},
   "outputs": [
    {
     "data": {
      "text/plain": [
       "array([1., 1., 1., 1., 1.])"
      ]
     },
     "execution_count": 35,
     "metadata": {},
     "output_type": "execute_result"
    }
   ],
   "source": [
    "x = Q.T @ b\n",
    "x"
   ]
  },
  {
   "cell_type": "code",
   "execution_count": 36,
   "metadata": {},
   "outputs": [
    {
     "data": {
      "text/plain": [
       "0.0"
      ]
     },
     "execution_count": 36,
     "metadata": {},
     "output_type": "execute_result"
    }
   ],
   "source": [
    "npla.norm(x_exact) - npla.norm(x)"
   ]
  },
  {
   "cell_type": "code",
   "execution_count": 37,
   "metadata": {},
   "outputs": [
    {
     "name": "stdout",
     "output_type": "stream",
     "text": [
      "relative residual norm: 2.6852712547870863e-16\n",
      "relative error norm:    2.3288234633381846e-16\n"
     ]
    }
   ],
   "source": [
    "error = x_exact - x\n",
    "residual = b - Q @ x\n",
    "\n",
    "print(\"relative residual norm:\", npla.norm(residual,2)/npla.norm(b,2))\n",
    "print(\"relative error norm:   \", npla.norm(error,2)/npla.norm(x_exact,2))\n"
   ]
  },
  {
   "cell_type": "markdown",
   "metadata": {},
   "source": [
    "<b> Why not exactly equal? Wait for floating-point arithmetic lecture!\n"
   ]
  }
 ],
 "metadata": {
  "kernelspec": {
   "display_name": "Python 3 (ipykernel)",
   "language": "python",
   "name": "python3"
  },
  "language_info": {
   "codemirror_mode": {
    "name": "ipython",
    "version": 3
   },
   "file_extension": ".py",
   "mimetype": "text/x-python",
   "name": "python",
   "nbconvert_exporter": "python",
   "pygments_lexer": "ipython3",
   "version": "3.9.15"
  }
 },
 "nbformat": 4,
 "nbformat_minor": 2
}
